%YAML:1.0
---
image_width: 640
image_height: 480
distortion_model: plumb_bob
camera_name: raspicam
avg_reprojection_error: 3.1198839000756529e-01
camera_matrix: !!opencv-matrix
   rows: 3
   cols: 3
   dt: d
   data: [ 3.1570712132329419e+02, 0., 3.0643060805051368e+02, 0.,
       3.1546069679957429e+02, 2.2985009119769234e+02, 0., 0., 1. ]
distortion_coefficients: !!opencv-matrix
   rows: 1
   cols: 8
   dt: d
   data: [ 1.9224110681865223e+01, 1.1440774348444895e+01,
       2.0021943081038556e-04, -5.3046459535398171e-05,
       5.1603610885390094e-01, 1.9560694358403953e+01,
       1.8499605218035146e+01, 2.8805349413525372e+00 ]
rectification_matrix: !!opencv-matrix
   rows: 3
   cols: 3
   dt: d
   data: [ 1., 0., 0., 0., 1., 0., 0., 0., 1. ]
projection_matrix: !!opencv-matrix
   rows: 3
   cols: 4
   dt: d
   data: [ 3.1570712132329419e+02, 0., 3.0643060805051368e+02, 0., 0.,
       3.1546069679957429e+02, 2.2985009119769234e+02, 0., 0., 0., 1.,
       0. ]
