%YAML:1.0
---
image_width: 640
image_height: 480
distortion_model: plumb_bob
camera_name: raspicam
avg_reprojection_error: 3.4149468031960523e-01
camera_matrix: !!opencv-matrix
   rows: 3
   cols: 3
   dt: d
   data: [ 3.1296040945647093e+02, 0., 3.1397530719948202e+02, 0.,
       3.1406126596248896e+02, 2.2300577318327572e+02, 0., 0., 1. ]
distortion_coefficients: !!opencv-matrix
   rows: 1
   cols: 8
   dt: d
   data: [ 7.4146028774579014e+00, 4.6604339583578254e+00,
       -5.9133737506805561e-06, -3.6578742025657588e-05,
       2.3034350934288303e-01, 7.7428927448195477e+00,
       7.3218464008345929e+00, 1.2180784532582110e+00 ]
rectification_matrix: !!opencv-matrix
   rows: 3
   cols: 3
   dt: d
   data: [ 1., 0., 0., 0., 1., 0., 0., 0., 1. ]
projection_matrix: !!opencv-matrix
   rows: 3
   cols: 4
   dt: d
   data: [ 3.1296040945647093e+02, 0., 3.1397530719948202e+02, 0., 0.,
       3.1406126596248896e+02, 2.2300577318327572e+02, 0., 0., 0., 1.,
       0. ]
