%YAML:1.0
---
image_width: 640
image_height: 480
distortion_model: plumb_bob
camera_name: raspicam
avg_reprojection_error: 3.0526429410338263e-01
camera_matrix: !!opencv-matrix
   rows: 3
   cols: 3
   dt: d
   data: [ 3.1346549647142467e+02, 0., 3.1306502080838487e+02, 0.,
       3.1467854998634419e+02, 2.2674308401736616e+02, 0., 0., 1. ]
distortion_coefficients: !!opencv-matrix
   rows: 1
   cols: 8
   dt: d
   data: [ 9.5806992126780885e-02, -1.0558761614445626e-01,
       5.5335016373735026e-04, 1.9500111473829150e-04,
       -3.4167963784610699e-03, 4.4823559672661767e-01,
       -1.4627499685562431e-01, -2.2509496255423350e-02 ]
rectification_matrix: !!opencv-matrix
   rows: 3
   cols: 3
   dt: d
   data: [ 1., 0., 0., 0., 1., 0., 0., 0., 1. ]
projection_matrix: !!opencv-matrix
   rows: 3
   cols: 4
   dt: d
   data: [ 3.1346549647142467e+02, 0., 3.1306502080838487e+02, 0., 0.,
       3.1467854998634419e+02, 2.2674308401736616e+02, 0., 0., 0., 1.,
       0. ]
