%YAML:1.0
---
image_width: 640
image_height: 480
distortion_model: plumb_bob
camera_name: raspicam
avg_reprojection_error: 3.2588847894776257e-01
camera_matrix: !!opencv-matrix
   rows: 3
   cols: 3
   dt: d
   data: [ 3.1583419409702071e+02, 0., 3.2284241719535794e+02, 0.,
       3.1707859377760997e+02, 2.4222925339735528e+02, 0., 0., 1. ]
distortion_coefficients: !!opencv-matrix
   rows: 1
   cols: 8
   dt: d
   data: [ 4.8481461358632555e-01, -1.6069436373033519e-01,
       7.6327577305381061e-05, -3.9185409562622083e-04,
       -1.4481345488059454e-02, 8.4997277463205023e-01,
       -8.1210979801274175e-02, -6.4939354917329009e-02 ]
rectification_matrix: !!opencv-matrix
   rows: 3
   cols: 3
   dt: d
   data: [ 1., 0., 0., 0., 1., 0., 0., 0., 1. ]
projection_matrix: !!opencv-matrix
   rows: 3
   cols: 4
   dt: d
   data: [ 3.1583419409702071e+02, 0., 3.2284241719535794e+02, 0., 0.,
       3.1707859377760997e+02, 2.4222925339735528e+02, 0., 0., 0., 1.,
       0. ]
